solid OpenSCAD_Model
  facet normal 0 0.831469612302545 0.5555702330196026
    outer loop
      vertex 0.30000000000000004 3.4571067811865475 3.4571067811865475
      vertex 0.30000000000000004 3.673879532511287 3.1326834323650896
      vertex -0.30000000000000004 3.4571067811865475 3.4571067811865475
    endloop
  endfacet
  facet normal 0 -0.9807852804032305 0.19509032201612783
    outer loop
      vertex -0.30000000000000004 -3.673879532511287 3.1326834323650896
      vertex -0.30000000000000004 -3.75 2.75
      vertex 0.30000000000000004 -3.673879532511287 3.1326834323650896
    endloop
  endfacet
  facet normal 0 -0.5555702330196026 0.831469612302545
    outer loop
      vertex -0.30000000000000004 -3.1326834323650896 3.673879532511287
      vertex -0.30000000000000004 -3.4571067811865475 3.4571067811865475
      vertex 0.30000000000000004 -3.1326834323650896 3.673879532511287
    endloop
  endfacet
  facet normal -1.6492563729035314e-17 -0.831469612302545 0.5555702330196026
    outer loop
      vertex -0.30000000000000004 -3.4571067811865475 3.4571067811865475
      vertex -0.30000000000000004 -3.673879532511287 3.1326834323650896
      vertex 0.30000000000000004 -3.673879532511287 3.1326834323650896
    endloop
  endfacet
  facet normal 1 0 0
    outer loop
      vertex 0.30000000000000004 -3.1326834323650896 3.673879532511287
      vertex 0.30000000000000004 3.1326834323650896 -3.673879532511287
      vertex 0.30000000000000004 3.4571067811865475 -3.4571067811865475
    endloop
  endfacet
  facet normal -1 0 0
    outer loop
      vertex -0.30000000000000004 -2.75 -3.75
      vertex -0.30000000000000004 -3.0499999970197678 -2.85
      vertex -0.30000000000000004 -1.2000000029802322 -2.85
    endloop
  endfacet
  facet normal 1.6492563729035314e-17 -0.831469612302545 -0.5555702330196026
    outer loop
      vertex -0.30000000000000004 -3.4571067811865475 -3.4571067811865475
      vertex 0.30000000000000004 -3.673879532511287 -3.1326834323650896
      vertex -0.30000000000000004 -3.673879532511287 -3.1326834323650896
    endloop
  endfacet
  facet normal -1.338842811903823e-18 -0.9807852804032305 -0.19509032201612783
    outer loop
      vertex -0.30000000000000004 -3.673879532511287 -3.1326834323650896
      vertex 0.30000000000000004 -3.75 -2.75
      vertex -0.30000000000000004 -3.75 -2.75
    endloop
  endfacet
  facet normal 0 -0.5555702330196026 -0.831469612302545
    outer loop
      vertex -0.30000000000000004 -3.1326834323650896 -3.673879532511287
      vertex 0.30000000000000004 -3.1326834323650896 -3.673879532511287
      vertex -0.30000000000000004 -3.4571067811865475 -3.4571067811865475
    endloop
  endfacet
  facet normal 0 -0.19509032201612783 -0.9807852804032305
    outer loop
      vertex 0.30000000000000004 -3.1326834323650896 -3.673879532511287
      vertex -0.30000000000000004 -3.1326834323650896 -3.673879532511287
      vertex -0.30000000000000004 -2.75 -3.75
    endloop
  endfacet
  facet normal 1.6492563729035314e-17 -0.831469612302545 -0.5555702330196026
    outer loop
      vertex 0.30000000000000004 -3.673879532511287 -3.1326834323650896
      vertex -0.30000000000000004 -3.4571067811865475 -3.4571067811865475
      vertex 0.30000000000000004 -3.4571067811865475 -3.4571067811865475
    endloop
  endfacet
  facet normal 0 -0.5555702330196026 -0.831469612302545
    outer loop
      vertex 0.30000000000000004 -3.4571067811865475 -3.4571067811865475
      vertex -0.30000000000000004 -3.4571067811865475 -3.4571067811865475
      vertex 0.30000000000000004 -3.1326834323650896 -3.673879532511287
    endloop
  endfacet
  facet normal -1.338842811903823e-18 -0.9807852804032305 -0.19509032201612783
    outer loop
      vertex 0.30000000000000004 -3.75 -2.75
      vertex -0.30000000000000004 -3.673879532511287 -3.1326834323650896
      vertex 0.30000000000000004 -3.673879532511287 -3.1326834323650896
    endloop
  endfacet
  facet normal -1.338842811903823e-18 -0.19509032201612783 -0.9807852804032305
    outer loop
      vertex 0.30000000000000004 -3.1326834323650896 -3.673879532511287
      vertex -0.30000000000000004 -2.75 -3.75
      vertex 0.30000000000000004 -2.75 -3.75
    endloop
  endfacet
  facet normal -1 0 0
    outer loop
      vertex -0.30000000000000004 -3.673879532511287 -3.1326834323650896
      vertex -0.30000000000000004 -3.1326834323650896 3.673879532511287
      vertex -0.30000000000000004 -3.4571067811865475 -3.4571067811865475
    endloop
  endfacet
  facet normal -1 0 0
    outer loop
      vertex -0.30000000000000004 -3.1326834323650896 -3.673879532511287
      vertex -0.30000000000000004 -3.4571067811865475 -3.4571067811865475
      vertex -0.30000000000000004 -3.1326834323650896 3.673879532511287
    endloop
  endfacet
  facet normal -1 0 0
    outer loop
      vertex -0.30000000000000004 -3.0499999970197678 -2.85
      vertex -0.30000000000000004 -3.1326834323650896 -3.673879532511287
      vertex -0.30000000000000004 -3.1326834323650896 3.673879532511287
    endloop
  endfacet
  facet normal -1 0 0
    outer loop
      vertex -0.30000000000000004 -3.1326834323650896 3.673879532511287
      vertex -0.30000000000000004 -3.673879532511287 -3.1326834323650896
      vertex -0.30000000000000004 -3.75 -2.75
    endloop
  endfacet
  facet normal 1 0 0
    outer loop
      vertex 0.30000000000000004 -3.673879532511287 -3.1326834323650896
      vertex 0.30000000000000004 -3.4571067811865475 -3.4571067811865475
      vertex 0.30000000000000004 -3.1326834323650896 3.673879532511287
    endloop
  endfacet
  facet normal 1 0 0
    outer loop
      vertex 0.30000000000000004 -3.1326834323650896 3.673879532511287
      vertex 0.30000000000000004 -3.4571067811865475 -3.4571067811865475
      vertex 0.30000000000000004 -3.1326834323650896 -3.673879532511287
    endloop
  endfacet
  facet normal 1 0 0
    outer loop
      vertex 0.30000000000000004 -3.1326834323650896 3.673879532511287
      vertex 0.30000000000000004 -3.1326834323650896 -3.673879532511287
      vertex 0.30000000000000004 -2.75 -3.75
    endloop
  endfacet
  facet normal -1.338842811903823e-18 0.19509032201612783 0.9807852804032305
    outer loop
      vertex 0.30000000000000004 3.1326834323650896 3.673879532511287
      vertex -0.30000000000000004 2.75 3.75
      vertex 0.30000000000000004 2.75 3.75
    endloop
  endfacet
  facet normal 0 0.831469612302545 0.5555702330196026
    outer loop
      vertex -0.30000000000000004 3.673879532511287 3.1326834323650896
      vertex -0.30000000000000004 3.4571067811865475 3.4571067811865475
      vertex 0.30000000000000004 3.673879532511287 3.1326834323650896
    endloop
  endfacet
  facet normal 0 0.9807852804032305 0.19509032201612783
    outer loop
      vertex 0.30000000000000004 3.75 2.75
      vertex -0.30000000000000004 3.75 2.75
      vertex -0.30000000000000004 3.673879532511287 3.1326834323650896
    endloop
  endfacet
  facet normal 1.6492563729035314e-17 0.5555702330196026 0.831469612302545
    outer loop
      vertex -0.30000000000000004 3.4571067811865475 3.4571067811865475
      vertex -0.30000000000000004 3.1326834323650896 3.673879532511287
      vertex 0.30000000000000004 3.1326834323650896 3.673879532511287
    endloop
  endfacet
  facet normal 0 0.19509032201612783 0.9807852804032305
    outer loop
      vertex -0.30000000000000004 3.1326834323650896 3.673879532511287
      vertex -0.30000000000000004 2.75 3.75
      vertex 0.30000000000000004 3.1326834323650896 3.673879532511287
    endloop
  endfacet
  facet normal 0 1 0
    outer loop
      vertex 0.30000000000000004 3.75 2.75
      vertex -0.30000000000000004 3.75 -2.75
      vertex -0.30000000000000004 3.75 2.75
    endloop
  endfacet
  facet normal -1 0 0
    outer loop
      vertex -0.30000000000000004 3.75 2.75
      vertex -0.30000000000000004 3.0499999970197678 -2.85
      vertex -0.30000000000000004 3.673879532511287 3.1326834323650896
    endloop
  endfacet
  facet normal -1 0 0
    outer loop
      vertex -0.30000000000000004 3.0499999970197678 -2.85
      vertex -0.30000000000000004 3.0499999970197678 2.85
      vertex -0.30000000000000004 3.673879532511287 3.1326834323650896
    endloop
  endfacet
  facet normal 1 0 0
    outer loop
      vertex 0.30000000000000004 3.673879532511287 3.1326834323650896
      vertex 0.30000000000000004 -3.1326834323650896 3.673879532511287
      vertex 0.30000000000000004 3.75 2.75
    endloop
  endfacet
  facet normal 1 0 0
    outer loop
      vertex 0.30000000000000004 3.4571067811865475 3.4571067811865475
      vertex 0.30000000000000004 -3.1326834323650896 3.673879532511287
      vertex 0.30000000000000004 3.673879532511287 3.1326834323650896
    endloop
  endfacet
  facet normal 1 0 0
    outer loop
      vertex 0.30000000000000004 3.1326834323650896 3.673879532511287
      vertex 0.30000000000000004 -3.1326834323650896 3.673879532511287
      vertex 0.30000000000000004 3.4571067811865475 3.4571067811865475
    endloop
  endfacet
  facet normal 1 0 0
    outer loop
      vertex 0.30000000000000004 2.75 3.75
      vertex 0.30000000000000004 -3.1326834323650896 3.673879532511287
      vertex 0.30000000000000004 3.1326834323650896 3.673879532511287
    endloop
  endfacet
  facet normal 0 0 1
    outer loop
      vertex -0.30000000000000004 2.75 3.75
      vertex -0.30000000000000004 -2.75 3.75
      vertex 0.30000000000000004 2.75 3.75
    endloop
  endfacet
  facet normal -1 0 0
    outer loop
      vertex -0.30000000000000004 3.673879532511287 3.1326834323650896
      vertex -0.30000000000000004 -3.1326834323650896 3.673879532511287
      vertex -0.30000000000000004 3.4571067811865475 3.4571067811865475
    endloop
  endfacet
  facet normal -1 0 0
    outer loop
      vertex -0.30000000000000004 -3.1326834323650896 3.673879532511287
      vertex -0.30000000000000004 3.1326834323650896 3.673879532511287
      vertex -0.30000000000000004 3.4571067811865475 3.4571067811865475
    endloop
  endfacet
  facet normal -1 0 0
    outer loop
      vertex -0.30000000000000004 3.0499999970197678 2.85
      vertex -0.30000000000000004 -3.1326834323650896 3.673879532511287
      vertex -0.30000000000000004 3.673879532511287 3.1326834323650896
    endloop
  endfacet
  facet normal -1 0 0
    outer loop
      vertex -0.30000000000000004 -3.1326834323650896 3.673879532511287
      vertex -0.30000000000000004 2.75 3.75
      vertex -0.30000000000000004 3.1326834323650896 3.673879532511287
    endloop
  endfacet
  facet normal -1 0 0
    outer loop
      vertex -0.30000000000000004 1.2000000029802322 2.85
      vertex -0.30000000000000004 -3.1326834323650896 3.673879532511287
      vertex -0.30000000000000004 3.0499999970197678 2.85
    endloop
  endfacet
  facet normal 1 0 0
    outer loop
      vertex 0.30000000000000004 -3.1326834323650896 3.673879532511287
      vertex 0.30000000000000004 3.75 -2.75
      vertex 0.30000000000000004 3.75 2.75
    endloop
  endfacet
  facet normal 0 1 0
    outer loop
      vertex 0.30000000000000004 3.75 -2.75
      vertex -0.30000000000000004 3.75 -2.75
      vertex 0.30000000000000004 3.75 2.75
    endloop
  endfacet
  facet normal -1 0 0
    outer loop
      vertex -0.30000000000000004 3.75 -2.75
      vertex -0.30000000000000004 3.0499999970197678 -2.85
      vertex -0.30000000000000004 3.75 2.75
    endloop
  endfacet
  facet normal 0 0.9807852804032305 -0.19509032201612783
    outer loop
      vertex 0.30000000000000004 3.75 -2.75
      vertex 0.30000000000000004 3.673879532511287 -3.1326834323650896
      vertex -0.30000000000000004 3.75 -2.75
    endloop
  endfacet
  facet normal -1.6492563729035314e-17 0.831469612302545 -0.5555702330196026
    outer loop
      vertex 0.30000000000000004 3.673879532511287 -3.1326834323650896
      vertex 0.30000000000000004 3.4571067811865475 -3.4571067811865475
      vertex -0.30000000000000004 3.4571067811865475 -3.4571067811865475
    endloop
  endfacet
  facet normal -1.6492563729035314e-17 0.5555702330196026 -0.831469612302545
    outer loop
      vertex 0.30000000000000004 3.4571067811865475 -3.4571067811865475
      vertex 0.30000000000000004 3.1326834323650896 -3.673879532511287
      vertex -0.30000000000000004 3.1326834323650896 -3.673879532511287
    endloop
  endfacet
  facet normal 0 0.19509032201612783 -0.9807852804032305
    outer loop
      vertex 0.30000000000000004 3.1326834323650896 -3.673879532511287
      vertex 0.30000000000000004 2.75 -3.75
      vertex -0.30000000000000004 3.1326834323650896 -3.673879532511287
    endloop
  endfacet
  facet normal 0 0.9807852804032305 -0.19509032201612783
    outer loop
      vertex 0.30000000000000004 3.673879532511287 -3.1326834323650896
      vertex -0.30000000000000004 3.673879532511287 -3.1326834323650896
      vertex -0.30000000000000004 3.75 -2.75
    endloop
  endfacet
  facet normal 0 0.831469612302545 -0.5555702330196026
    outer loop
      vertex -0.30000000000000004 3.673879532511287 -3.1326834323650896
      vertex 0.30000000000000004 3.673879532511287 -3.1326834323650896
      vertex -0.30000000000000004 3.4571067811865475 -3.4571067811865475
    endloop
  endfacet
  facet normal -1.6492563729035314e-17 0.5555702330196026 -0.831469612302545
    outer loop
      vertex -0.30000000000000004 3.1326834323650896 -3.673879532511287
      vertex -0.30000000000000004 3.4571067811865475 -3.4571067811865475
      vertex 0.30000000000000004 3.4571067811865475 -3.4571067811865475
    endloop
  endfacet
  facet normal 0 0.19509032201612783 -0.9807852804032305
    outer loop
      vertex 0.30000000000000004 2.75 -3.75
      vertex -0.30000000000000004 2.75 -3.75
      vertex -0.30000000000000004 3.1326834323650896 -3.673879532511287
    endloop
  endfacet
  facet normal 0 -1 0
    outer loop
      vertex -0.30000000000000004 -3.75 -2.75
      vertex 0.30000000000000004 -3.75 -2.75
      vertex -0.30000000000000004 -3.75 2.75
    endloop
  endfacet
  facet normal 1 0 0
    outer loop
      vertex 0.30000000000000004 -3.75 -2.75
      vertex 0.30000000000000004 -3.673879532511287 -3.1326834323650896
      vertex 0.30000000000000004 -3.1326834323650896 3.673879532511287
    endloop
  endfacet
  facet normal -1 0 0
    outer loop
      vertex -0.30000000000000004 -2.75 -3.75
      vertex -0.30000000000000004 -1.2000000029802322 -2.85
      vertex -0.30000000000000004 1.2000000029802322 -2.85
    endloop
  endfacet
  facet normal 0 0 -1
    outer loop
      vertex 0.30000000000000004 -2.75 -3.75
      vertex -0.30000000000000004 -2.75 -3.75
      vertex -0.30000000000000004 2.75 -3.75
    endloop
  endfacet
  facet normal 1 0 0
    outer loop
      vertex 0.30000000000000004 -3.1326834323650896 3.673879532511287
      vertex 0.30000000000000004 -2.75 -3.75
      vertex 0.30000000000000004 2.75 -3.75
    endloop
  endfacet
  facet normal -1 0 0
    outer loop
      vertex -0.30000000000000004 3.673879532511287 -3.1326834323650896
      vertex -0.30000000000000004 3.0499999970197678 -2.85
      vertex -0.30000000000000004 3.75 -2.75
    endloop
  endfacet
  facet normal -1 0 0
    outer loop
      vertex -0.30000000000000004 3.4571067811865475 -3.4571067811865475
      vertex -0.30000000000000004 3.0499999970197678 -2.85
      vertex -0.30000000000000004 3.673879532511287 -3.1326834323650896
    endloop
  endfacet
  facet normal -1 0 0
    outer loop
      vertex -0.30000000000000004 3.4571067811865475 -3.4571067811865475
      vertex -0.30000000000000004 1.2000000029802322 -2.85
      vertex -0.30000000000000004 3.0499999970197678 -2.85
    endloop
  endfacet
  facet normal -1 0 0
    outer loop
      vertex -0.30000000000000004 -3.1326834323650896 3.673879532511287
      vertex -0.30000000000000004 -3.75 -2.75
      vertex -0.30000000000000004 -3.75 2.75
    endloop
  endfacet
  facet normal -1 0 0
    outer loop
      vertex -0.30000000000000004 -3.0499999970197678 2.85
      vertex -0.30000000000000004 -3.0499999970197678 -2.85
      vertex -0.30000000000000004 -3.1326834323650896 3.673879532511287
    endloop
  endfacet
  facet normal 0 -1 0
    outer loop
      vertex -0.30000000000000004 -3.75 2.75
      vertex 0.30000000000000004 -3.75 -2.75
      vertex 0.30000000000000004 -3.75 2.75
    endloop
  endfacet
  facet normal 1 0 0
    outer loop
      vertex 0.30000000000000004 -3.75 2.75
      vertex 0.30000000000000004 -3.75 -2.75
      vertex 0.30000000000000004 -3.1326834323650896 3.673879532511287
    endloop
  endfacet
  facet normal -1 0 0
    outer loop
      vertex -0.30000000000000004 -3.1326834323650896 3.673879532511287
      vertex -0.30000000000000004 -3.75 2.75
      vertex -0.30000000000000004 -3.673879532511287 3.1326834323650896
    endloop
  endfacet
  facet normal -1 0 0
    outer loop
      vertex -0.30000000000000004 -3.1326834323650896 3.673879532511287
      vertex -0.30000000000000004 -3.673879532511287 3.1326834323650896
      vertex -0.30000000000000004 -3.4571067811865475 3.4571067811865475
    endloop
  endfacet
  facet normal -1 0 0
    outer loop
      vertex -0.30000000000000004 3.1326834323650896 -3.673879532511287
      vertex -0.30000000000000004 1.2000000029802322 -2.85
      vertex -0.30000000000000004 3.4571067811865475 -3.4571067811865475
    endloop
  endfacet
  facet normal 0 0.5555702330196026 0.831469612302545
    outer loop
      vertex -0.30000000000000004 3.4571067811865475 3.4571067811865475
      vertex 0.30000000000000004 3.1326834323650896 3.673879532511287
      vertex 0.30000000000000004 3.4571067811865475 3.4571067811865475
    endloop
  endfacet
  facet normal -1 0 0
    outer loop
      vertex -0.30000000000000004 -1.2000000029802322 2.85
      vertex -0.30000000000000004 -3.0499999970197678 2.85
      vertex -0.30000000000000004 -3.1326834323650896 3.673879532511287
    endloop
  endfacet
  facet normal 0 0.9807852804032305 0.19509032201612783
    outer loop
      vertex 0.30000000000000004 3.673879532511287 3.1326834323650896
      vertex 0.30000000000000004 3.75 2.75
      vertex -0.30000000000000004 3.673879532511287 3.1326834323650896
    endloop
  endfacet
  facet normal -1 0 0
    outer loop
      vertex -0.30000000000000004 -3.0499999970197678 -2.85
      vertex -0.30000000000000004 -2.75 -3.75
      vertex -0.30000000000000004 -3.1326834323650896 -3.673879532511287
    endloop
  endfacet
  facet normal 0 -0.19509032201612783 0.9807852804032305
    outer loop
      vertex -0.30000000000000004 -3.1326834323650896 3.673879532511287
      vertex 0.30000000000000004 -3.1326834323650896 3.673879532511287
      vertex -0.30000000000000004 -2.75 3.75
    endloop
  endfacet
  facet normal 1.338842811903823e-18 -0.9807852804032305 0.19509032201612783
    outer loop
      vertex 0.30000000000000004 -3.673879532511287 3.1326834323650896
      vertex -0.30000000000000004 -3.75 2.75
      vertex 0.30000000000000004 -3.75 2.75
    endloop
  endfacet
  facet normal 1 0 0
    outer loop
      vertex 0.30000000000000004 -3.673879532511287 3.1326834323650896
      vertex 0.30000000000000004 -3.75 2.75
      vertex 0.30000000000000004 -3.1326834323650896 3.673879532511287
    endloop
  endfacet
  facet normal 0 -0.831469612302545 0.5555702330196026
    outer loop
      vertex -0.30000000000000004 -3.4571067811865475 3.4571067811865475
      vertex 0.30000000000000004 -3.673879532511287 3.1326834323650896
      vertex 0.30000000000000004 -3.4571067811865475 3.4571067811865475
    endloop
  endfacet
  facet normal -1.6492563729035314e-17 -0.5555702330196026 0.831469612302545
    outer loop
      vertex 0.30000000000000004 -3.1326834323650896 3.673879532511287
      vertex -0.30000000000000004 -3.4571067811865475 3.4571067811865475
      vertex 0.30000000000000004 -3.4571067811865475 3.4571067811865475
    endloop
  endfacet
  facet normal 1 0 0
    outer loop
      vertex 0.30000000000000004 -3.4571067811865475 3.4571067811865475
      vertex 0.30000000000000004 -3.673879532511287 3.1326834323650896
      vertex 0.30000000000000004 -3.1326834323650896 3.673879532511287
    endloop
  endfacet
  facet normal 0 -0.19509032201612783 0.9807852804032305
    outer loop
      vertex -0.30000000000000004 -2.75 3.75
      vertex 0.30000000000000004 -3.1326834323650896 3.673879532511287
      vertex 0.30000000000000004 -2.75 3.75
    endloop
  endfacet
  facet normal -1 0 0
    outer loop
      vertex -0.30000000000000004 -1.2000000029802322 -2.85
      vertex -0.30000000000000004 -1.2000000029802322 2.85
      vertex -0.30000000000000004 1.2000000029802322 2.85
    endloop
  endfacet
  facet normal -1 0 0
    outer loop
      vertex -0.30000000000000004 -1.2000000029802322 2.85
      vertex -0.30000000000000004 -3.1326834323650896 3.673879532511287
      vertex -0.30000000000000004 1.2000000029802322 2.85
    endloop
  endfacet
  facet normal -1 0 0
    outer loop
      vertex -0.30000000000000004 -3.1326834323650896 3.673879532511287
      vertex -0.30000000000000004 -2.75 3.75
      vertex -0.30000000000000004 2.75 3.75
    endloop
  endfacet
  facet normal 1 0 0
    outer loop
      vertex 0.30000000000000004 -2.75 3.75
      vertex 0.30000000000000004 -3.1326834323650896 3.673879532511287
      vertex 0.30000000000000004 2.75 3.75
    endloop
  endfacet
  facet normal 0 0 1
    outer loop
      vertex -0.30000000000000004 -2.75 3.75
      vertex 0.30000000000000004 -2.75 3.75
      vertex 0.30000000000000004 2.75 3.75
    endloop
  endfacet
  facet normal -1 0 0
    outer loop
      vertex -0.30000000000000004 2.75 -3.75
      vertex -0.30000000000000004 1.2000000029802322 -2.85
      vertex -0.30000000000000004 3.1326834323650896 -3.673879532511287
    endloop
  endfacet
  facet normal 1 0 0
    outer loop
      vertex 0.30000000000000004 -3.1326834323650896 3.673879532511287
      vertex 0.30000000000000004 3.673879532511287 -3.1326834323650896
      vertex 0.30000000000000004 3.75 -2.75
    endloop
  endfacet
  facet normal 1 0 0
    outer loop
      vertex 0.30000000000000004 -3.1326834323650896 3.673879532511287
      vertex 0.30000000000000004 3.4571067811865475 -3.4571067811865475
      vertex 0.30000000000000004 3.673879532511287 -3.1326834323650896
    endloop
  endfacet
  facet normal -1 0 0
    outer loop
      vertex -0.30000000000000004 2.75 -3.75
      vertex -0.30000000000000004 -2.75 -3.75
      vertex -0.30000000000000004 1.2000000029802322 -2.85
    endloop
  endfacet
  facet normal 0 0 -1
    outer loop
      vertex 0.30000000000000004 2.75 -3.75
      vertex 0.30000000000000004 -2.75 -3.75
      vertex -0.30000000000000004 2.75 -3.75
    endloop
  endfacet
  facet normal -1 0 0
    outer loop
      vertex -0.30000000000000004 1.2000000029802322 -2.85
      vertex -0.30000000000000004 -1.2000000029802322 -2.85
      vertex -0.30000000000000004 1.2000000029802322 2.85
    endloop
  endfacet
  facet normal 1 0 0
    outer loop
      vertex 0.30000000000000004 -3.1326834323650896 3.673879532511287
      vertex 0.30000000000000004 2.75 -3.75
      vertex 0.30000000000000004 3.1326834323650896 -3.673879532511287
    endloop
  endfacet
  facet normal -1 0 0
    outer loop
      vertex -3.5428932189941404 1.2000000029802322 -2.85
      vertex -3.5428932189941404 2 2.85
      vertex -3.5428932189941404 2 -2.85
    endloop
  endfacet
  facet normal 0 1 0
    outer loop
      vertex -1.2928932189941404 3.0499999970197678 -2.85
      vertex -1.2928932189941404 3.0499999970197678 2.85
      vertex -0.30000000000000004 3.0499999970197678 -2.85
    endloop
  endfacet
  facet normal 0.7071067811865475 0.7071067811865475 0
    outer loop
      vertex -1.2928932189941404 3.0499999970197678 -2.85
      vertex -1.4928932219743727 3.25 -2.85
      vertex -1.2928932189941404 3.0499999970197678 2.85
    endloop
  endfacet
  facet normal 0 0 -1
    outer loop
      vertex -0.30000000000000004 1.2000000029802322 -2.85
      vertex -1.2928932189941404 3.0499999970197678 -2.85
      vertex -0.30000000000000004 3.0499999970197678 -2.85
    endloop
  endfacet
  facet normal 0 -1 0
    outer loop
      vertex -0.30000000000000004 1.2000000029802322 2.85
      vertex -3.5428932189941404 1.2000000029802322 -2.85
      vertex -0.30000000000000004 1.2000000029802322 -2.85
    endloop
  endfacet
  facet normal -0.7071067811865476 0.7071067811865476 0
    outer loop
      vertex -3.5428932189941404 2 -2.85
      vertex -2.2928932189941404 3.25 2.85
      vertex -2.2928932189941404 3.25 -2.85
    endloop
  endfacet
  facet normal 0 0 -1
    outer loop
      vertex -3.5428932189941404 2 -2.85
      vertex -0.30000000000000004 1.2000000029802322 -2.85
      vertex -3.5428932189941404 1.2000000029802322 -2.85
    endloop
  endfacet
  facet normal 0 0 -1
    outer loop
      vertex -3.5428932189941404 2 -2.85
      vertex -2.2928932189941404 3.25 -2.85
      vertex -1.2928932189941404 3.0499999970197678 -2.85
    endloop
  endfacet
  facet normal 0 0 -1
    outer loop
      vertex -0.30000000000000004 1.2000000029802322 -2.85
      vertex -3.5428932189941404 2 -2.85
      vertex -1.2928932189941404 3.0499999970197678 -2.85
    endloop
  endfacet
  facet normal 0 0 -1
    outer loop
      vertex -1.2928932189941404 3.0499999970197678 -2.85
      vertex -2.2928932189941404 3.25 -2.85
      vertex -1.4928932219743727 3.25 -2.85
    endloop
  endfacet
  facet normal 0 1 0
    outer loop
      vertex -1.4928932219743727 3.25 -2.85
      vertex -2.2928932189941404 3.25 -2.85
      vertex -1.4928932219743727 3.25 2.85
    endloop
  endfacet
  facet normal -1 0 0
    outer loop
      vertex -3.5428932189941404 2 2.85
      vertex -3.5428932189941404 1.2000000029802322 -2.85
      vertex -3.5428932189941404 1.2000000029802322 2.85
    endloop
  endfacet
  facet normal -0.7071067811865476 0.7071067811865476 0
    outer loop
      vertex -2.2928932189941404 3.25 2.85
      vertex -3.5428932189941404 2 -2.85
      vertex -3.5428932189941404 2 2.85
    endloop
  endfacet
  facet normal 0 1 0
    outer loop
      vertex -1.2928932189941404 3.0499999970197678 2.85
      vertex -0.30000000000000004 3.0499999970197678 2.85
      vertex -0.30000000000000004 3.0499999970197678 -2.85
    endloop
  endfacet
  facet normal 0 -1 0
    outer loop
      vertex -3.5428932189941404 1.2000000029802322 2.85
      vertex -3.5428932189941404 1.2000000029802322 -2.85
      vertex -0.30000000000000004 1.2000000029802322 2.85
    endloop
  endfacet
  facet normal 0 1 0
    outer loop
      vertex -1.4928932219743727 3.25 2.85
      vertex -2.2928932189941404 3.25 -2.85
      vertex -2.2928932189941404 3.25 2.85
    endloop
  endfacet
  facet normal 0 0 1
    outer loop
      vertex -3.5428932189941404 2 2.85
      vertex -3.5428932189941404 1.2000000029802322 2.85
      vertex -0.30000000000000004 3.0499999970197678 2.85
    endloop
  endfacet
  facet normal 0 0 1
    outer loop
      vertex -2.2928932189941404 3.25 2.85
      vertex -3.5428932189941404 2 2.85
      vertex -1.2928932189941404 3.0499999970197678 2.85
    endloop
  endfacet
  facet normal 0 0 1
    outer loop
      vertex -1.2928932189941404 3.0499999970197678 2.85
      vertex -3.5428932189941404 2 2.85
      vertex -0.30000000000000004 3.0499999970197678 2.85
    endloop
  endfacet
  facet normal 0 0 1
    outer loop
      vertex -0.30000000000000004 3.0499999970197678 2.85
      vertex -3.5428932189941404 1.2000000029802322 2.85
      vertex -0.30000000000000004 1.2000000029802322 2.85
    endloop
  endfacet
  facet normal 0.7071067811865475 0.7071067811865475 0
    outer loop
      vertex -1.2928932189941404 3.0499999970197678 2.85
      vertex -1.4928932219743727 3.25 -2.85
      vertex -1.4928932219743727 3.25 2.85
    endloop
  endfacet
  facet normal 0 0 1
    outer loop
      vertex -1.4928932219743727 3.25 2.85
      vertex -2.2928932189941404 3.25 2.85
      vertex -1.2928932189941404 3.0499999970197678 2.85
    endloop
  endfacet
  facet normal 0 -1 0
    outer loop
      vertex -2.2928932189941404 -3.25 -2.85
      vertex -1.4928932219743727 -3.25 -2.85
      vertex -2.2928932189941404 -3.25 2.85
    endloop
  endfacet
  facet normal 0 0 -1
    outer loop
      vertex -1.2928932189941404 -3.0499999970197678 -2.85
      vertex -3.5428932189941404 -2 -2.85
      vertex -0.30000000000000004 -3.0499999970197678 -2.85
    endloop
  endfacet
  facet normal 0 0 -1
    outer loop
      vertex -2.2928932189941404 -3.25 -2.85
      vertex -1.2928932189941404 -3.0499999970197678 -2.85
      vertex -1.4928932219743727 -3.25 -2.85
    endloop
  endfacet
  facet normal 0 0 -1
    outer loop
      vertex -3.5428932189941404 -2 -2.85
      vertex -3.5428932189941404 -1.2000000029802322 -2.85
      vertex -0.30000000000000004 -3.0499999970197678 -2.85
    endloop
  endfacet
  facet normal 0 1 0
    outer loop
      vertex -3.5428932189941404 -1.2000000029802322 -2.85
      vertex -3.5428932189941404 -1.2000000029802322 2.85
      vertex -0.30000000000000004 -1.2000000029802322 -2.85
    endloop
  endfacet
  facet normal -0.7071067811865476 -0.7071067811865476 0
    outer loop
      vertex -3.5428932189941404 -2 2.85
      vertex -2.2928932189941404 -3.25 -2.85
      vertex -2.2928932189941404 -3.25 2.85
    endloop
  endfacet
  facet normal -1 0 0
    outer loop
      vertex -3.5428932189941404 -1.2000000029802322 2.85
      vertex -3.5428932189941404 -2 -2.85
      vertex -3.5428932189941404 -2 2.85
    endloop
  endfacet
  facet normal 0 -1 0
    outer loop
      vertex -1.4928932219743727 -3.25 -2.85
      vertex -1.4928932219743727 -3.25 2.85
      vertex -2.2928932189941404 -3.25 2.85
    endloop
  endfacet
  facet normal 0 0 1
    outer loop
      vertex -3.5428932189941404 -2 2.85
      vertex -2.2928932189941404 -3.25 2.85
      vertex -1.2928932189941404 -3.0499999970197678 2.85
    endloop
  endfacet
  facet normal 0 0 1
    outer loop
      vertex -1.2928932189941404 -3.0499999970197678 2.85
      vertex -2.2928932189941404 -3.25 2.85
      vertex -1.4928932219743727 -3.25 2.85
    endloop
  endfacet
  facet normal 0 0 1
    outer loop
      vertex -3.5428932189941404 -2 2.85
      vertex -1.2928932189941404 -3.0499999970197678 2.85
      vertex -0.30000000000000004 -1.2000000029802322 2.85
    endloop
  endfacet
  facet normal 0 0 1
    outer loop
      vertex -3.5428932189941404 -1.2000000029802322 2.85
      vertex -3.5428932189941404 -2 2.85
      vertex -0.30000000000000004 -1.2000000029802322 2.85
    endloop
  endfacet
  facet normal 0.7071067811865475 -0.7071067811865475 0
    outer loop
      vertex -1.4928932219743727 -3.25 2.85
      vertex -1.4928932219743727 -3.25 -2.85
      vertex -1.2928932189941404 -3.0499999970197678 -2.85
    endloop
  endfacet
  facet normal 0 0 -1
    outer loop
      vertex -0.30000000000000004 -3.0499999970197678 -2.85
      vertex -3.5428932189941404 -1.2000000029802322 -2.85
      vertex -0.30000000000000004 -1.2000000029802322 -2.85
    endloop
  endfacet
  facet normal 0 -1 0
    outer loop
      vertex -1.2928932189941404 -3.0499999970197678 -2.85
      vertex -0.30000000000000004 -3.0499999970197678 -2.85
      vertex -0.30000000000000004 -3.0499999970197678 2.85
    endloop
  endfacet
  facet normal 0.7071067811865475 -0.7071067811865475 0
    outer loop
      vertex -1.2928932189941404 -3.0499999970197678 2.85
      vertex -1.4928932219743727 -3.25 2.85
      vertex -1.2928932189941404 -3.0499999970197678 -2.85
    endloop
  endfacet
  facet normal 0 -1 0
    outer loop
      vertex -1.2928932189941404 -3.0499999970197678 2.85
      vertex -1.2928932189941404 -3.0499999970197678 -2.85
      vertex -0.30000000000000004 -3.0499999970197678 2.85
    endloop
  endfacet
  facet normal 0 1 0
    outer loop
      vertex -0.30000000000000004 -1.2000000029802322 -2.85
      vertex -3.5428932189941404 -1.2000000029802322 2.85
      vertex -0.30000000000000004 -1.2000000029802322 2.85
    endloop
  endfacet
  facet normal 0 0 1
    outer loop
      vertex -0.30000000000000004 -1.2000000029802322 2.85
      vertex -1.2928932189941404 -3.0499999970197678 2.85
      vertex -0.30000000000000004 -3.0499999970197678 2.85
    endloop
  endfacet
  facet normal 0 0 -1
    outer loop
      vertex -2.2928932189941404 -3.25 -2.85
      vertex -3.5428932189941404 -2 -2.85
      vertex -1.2928932189941404 -3.0499999970197678 -2.85
    endloop
  endfacet
  facet normal -1 0 0
    outer loop
      vertex -3.5428932189941404 -2 -2.85
      vertex -3.5428932189941404 -1.2000000029802322 2.85
      vertex -3.5428932189941404 -1.2000000029802322 -2.85
    endloop
  endfacet
  facet normal -0.7071067811865476 -0.7071067811865476 0
    outer loop
      vertex -2.2928932189941404 -3.25 -2.85
      vertex -3.5428932189941404 -2 2.85
      vertex -3.5428932189941404 -2 -2.85
    endloop
  endfacet
endsolid OpenSCAD_Model
